mode op    k     C   HW     MACs  lat ms  nom/ms  TMAC/s  MAC/nom  MAC/cmp   cmp%   pe%
fp16 conv  1    64   16    0.00G   0.395    37.2    0.00      0.1     31.5    0.2   0.0
fp16 conv  1    64   64    0.02G   0.422    37.3    0.04      1.1     73.5    1.4   0.1
fp16 conv  1    64  128    0.07G   0.391    38.3    0.17      4.5     68.1    6.6   0.4
fp16 conv  1   256   16    0.02G   0.379    36.6    0.04      1.2     83.1    1.5   0.1
fp16 conv  1   256   64    0.27G   0.405    37.4    0.66     17.7   1214.2    1.5   0.4
fp16 conv  1   256  128    1.07G   0.597    36.8    1.80     48.8    649.1    7.5   1.2
fp16 conv  1   512   16    0.07G   0.375    37.2    0.18      4.8    132.4    3.6   0.2
fp16 conv  1   512   64    1.07G   0.542    37.1    1.98     53.3   4638.6    1.1   0.7
fp16 conv  1   512  128    4.29G   0.960    33.2    4.47    134.8  11556.5    1.2   1.7
fp16 conv  1  1024   16    0.27G   0.432    37.6    0.62     16.5    269.3    6.1   0.4
fp16 conv  1  1024   64    4.29G   1.032    32.7    4.16    127.2   2635.1    4.8   1.3
fp16 conv  1  1024  128   17.18G   3.144    27.6    5.46    197.8   4795.0    4.1   1.8
fp16 conv  3    64   16    0.01G   0.394    37.3    0.02      0.6    148.6    0.4   0.0
fp16 conv  3    64   64    0.15G   0.392    38.7    0.39      9.9   3473.6    0.3   0.1
fp16 conv  3    64  128    0.60G   0.424    37.2    1.42     38.3   8270.2    0.5   0.4
fp16 conv  3   256   16    0.15G   0.394    37.6    0.38     10.2    954.7    1.1   0.2
fp16 conv  3   256   64    2.42G   0.707    38.6    3.42     88.5   4400.0    2.0   0.4
fp16 conv  3   256  128    9.66G   2.508    22.4    3.85    172.4   5288.0    3.3   0.7
fp16 conv  3   512   16    0.60G   0.469    37.3    1.29     34.5   1804.0    1.9   0.5
fp16 conv  3   512   64    9.66G   2.314    23.3    4.18    179.6   7942.2    2.3   1.0
fp16 conv  3   512  128   38.65G   5.389    35.3    7.17    203.2   2237.6    9.1   1.0
fp16 conv  3  1024   16    2.42G   0.753    36.1    3.21     88.9   1783.7    5.0   1.2
fp16 conv  3  1024   64   38.65G  10.705    36.8    3.61     98.0    214.0   45.8   1.3
fp16 conv  3  1024  128  154.62G  42.241    37.6    3.66     97.3    193.7   50.2   1.2
fp16 dw    3    64   16    0.00G   0.424    37.2    0.00      0.0      2.2    0.4   0.0
fp16 dw    3    64   64    0.00G   0.397    37.2    0.01      0.2      4.3    3.7   0.1
fp16 dw    3    64  128    0.01G   0.375    37.1    0.03      0.7      5.5   12.3   0.5
fp16 dw    3   256   16    0.00G   0.379    36.1    0.00      0.0      2.3    1.9   0.1
fp16 dw    3   256   64    0.01G   0.420    40.1    0.02      0.6      6.7    8.3   0.4
fp16 dw    3   256  128    0.04G   0.599    37.1    0.06      1.7      6.0   28.5   1.2
fp16 dw    3   512   16    0.00G   0.361    37.4    0.00      0.1      2.2    4.0   0.1
fp16 dw    3   512   64    0.02G   0.495    36.8    0.04      1.0      6.5   16.0   0.7
fp16 dw    3   512  128    0.08G   0.846    33.4    0.09      2.7      5.9   45.0   2.0
fp16 dw    3  1024   16    0.00G   0.420    37.6    0.01      0.1      2.0    7.3   0.2
fp16 dw    3  1024   64    0.04G   0.570    36.7    0.07      1.8      6.2   29.3   1.3
fp16 dw    3  1024  128    0.15G   1.514    28.2    0.10      3.5      5.7   61.6   2.7
w8   conv  1    64   16    0.00G   0.402    39.0    0.00      0.1     20.2    0.3   0.0
w8   conv  1    64   64    0.02G   0.397    37.4    0.04      1.1     83.8    1.3   0.1
w8   conv  1    64  128    0.07G   0.364    37.0    0.18      5.0     77.3    6.4   0.5
w8   conv  1   256   16    0.02G   0.402    37.9    0.04      1.1    118.9    0.9   0.1
w8   conv  1   256   64    0.27G   0.409    37.3    0.66     17.6    549.7    3.2   0.4
w8   conv  1   256  128    1.07G   0.586    36.9    1.83     49.7    682.1    7.3   1.2
w8   conv  1   512   16    0.07G   0.346    37.2    0.19      5.2    193.8    2.7   0.2
w8   conv  1   512   64    1.07G   0.516    37.1    2.08     56.2   6048.1    0.9   0.7
w8   conv  1   512  128    4.29G   0.991    32.2    4.33    134.8  11893.1    1.1   1.7
w8   conv  1  1024   16    0.27G   0.421    37.2    0.64     17.1    455.4    3.8   0.3
w8   conv  1  1024   64    4.29G   1.034    32.2    4.15    128.8   2931.6    4.4   1.2
w8   conv  1  1024  128   17.18G   3.224    28.0    5.33    190.5   2357.4    8.1   1.8
w8   conv  3    64   16    0.01G   0.403    37.3    0.02      0.6    214.3    0.3   0.0
w8   conv  3    64   64    0.15G   0.398    38.6    0.38      9.8   4581.4    0.2   0.1
w8   conv  3    64  128    0.60G   0.412    37.4    1.47     39.2  13305.0    0.3   0.4
w8   conv  3   256   16    0.15G   0.380    36.7    0.40     10.8   1008.8    1.1   0.1
w8   conv  3   256   64    2.42G   0.708    37.7    3.41     90.4  11850.8    0.8   0.3
w8   conv  3   256  128    9.66G   2.155    24.5    4.48    183.1  49971.2    0.4   0.5
w8   conv  3   512   16    0.60G   0.417    37.2    1.45     38.9   2903.9    1.3   0.3
w8   conv  3   512   64    9.66G   2.120    25.2    4.56    180.6  23682.8    0.8   0.6
w8   conv  3   512  128   38.65G   5.080    33.7    7.61    225.7  47830.8    0.5   0.7
w8   conv  3  1024   16    2.42G   0.706    37.0    3.42     92.4   6017.6    1.5   0.7
w8   conv  3  1024   64   38.65G   4.862    37.6    7.95    211.2   3602.9    5.9   1.0
w8   conv  3  1024  128  154.62G  18.204    37.6    8.49    225.8   2941.3    7.7   1.0
w8   dw    3    64   16    0.00G   0.404    37.7    0.00      0.0      2.6    0.4   0.0
w8   dw    3    64   64    0.00G   0.395    37.2    0.01      0.2      6.4    2.5   0.1
w8   dw    3    64  128    0.01G   0.391    37.1    0.02      0.7      5.7   11.4   0.5
w8   dw    3   256   16    0.00G   0.405    35.7    0.00      0.0      2.3    1.8   0.1
w8   dw    3   256   64    0.01G   0.414    37.2    0.02      0.6      6.7    9.1   0.4
w8   dw    3   256  128    0.04G   0.587    36.5    0.06      1.8      5.7   30.6   1.3
w8   dw    3   512   16    0.00G   0.392    37.3    0.00      0.1      2.2    3.7   0.1
w8   dw    3   512   64    0.02G   0.469    38.1    0.04      1.1      6.6   16.0   0.8
w8   dw    3   512  128    0.08G   0.813    34.9    0.09      2.7      5.9   45.0   1.9
w8   dw    3  1024   16    0.00G   0.411    37.3    0.01      0.2      2.2    7.1   0.2
w8   dw    3  1024   64    0.04G   0.560    37.2    0.07      1.8      6.2   29.2   1.3
w8   dw    3  1024  128    0.15G   1.437    29.8    0.11      3.5      5.7   62.1   2.7
a8w8 conv  1    64   16    0.00G   0.404    37.3    0.00      0.1      8.6    0.8   0.0
a8w8 conv  1    64   64    0.02G   0.375    37.2    0.04      1.2     38.9    3.1   0.1
a8w8 conv  1    64  128    0.07G   0.475    37.3    0.14      3.8     27.5   13.8   0.4
a8w8 conv  1   256   16    0.02G   0.398    37.2    0.04      1.1     94.0    1.2   0.1
a8w8 conv  1   256   64    0.27G   0.461    38.2    0.58     15.3    151.2   10.1   0.4
a8w8 conv  1   256  128    1.07G   0.759    35.5    1.41     39.9    135.2   29.5   1.5
a8w8 conv  1   512   16    0.07G   0.408    37.8    0.16      4.4    182.6    2.4   0.1
a8w8 conv  1   512   64    1.07G   0.616    38.2    1.74     45.6    308.2   14.8   0.9
a8w8 conv  1   512  128    4.29G   1.128    36.2    3.81    105.2    298.7   35.2   1.9
a8w8 conv  1  1024   16    0.27G   0.442    36.6    0.61     16.6    334.0    5.0   0.3
a8w8 conv  1  1024   64    4.29G   1.079    32.3    3.98    123.1    665.0   18.5   1.7
a8w8 conv  1  1024  128   17.18G   3.095    32.1    5.55    173.1    619.6   27.9   2.4
a8w8 conv  3    64   16    0.01G   0.364    37.4    0.03      0.7     90.6    0.8   0.0
a8w8 conv  3    64   64    0.15G   0.414    35.1    0.36     10.4    502.6    2.1   0.1
a8w8 conv  3    64  128    0.60G   0.466    38.3    1.30     33.9    452.9    7.5   0.4
a8w8 conv  3   256   16    0.15G   0.400    37.1    0.38     10.2    724.4    1.4   0.1
a8w8 conv  3   256   64    2.42G   0.557    37.1    4.34    116.8   1959.9    6.0   0.4
a8w8 conv  3   256  128    9.66G   1.174    33.6    8.23    245.0   2024.1   12.1   1.0
a8w8 conv  3   512   16    0.60G   0.439    37.3    1.38     36.9   1371.0    2.7   0.3
a8w8 conv  3   512   64    9.66G   1.099    37.6    8.79    233.8   3751.0    6.2   1.0
a8w8 conv  3   512  128   38.65G   3.162    37.4   12.22    327.3   3865.0    8.5   1.3
a8w8 conv  3  1024   16    2.42G   0.565    37.2    4.28    114.9   2507.7    4.6   0.9
a8w8 conv  3  1024   64   38.65G   3.249    34.3   11.90    346.8   7427.3    4.7   1.2
a8w8 conv  3  1024  128  154.62G  10.188    37.7   15.18    402.8   8024.2    5.0   1.2
a8w8 dw    3    64   16    0.00G   0.377    37.2    0.00      0.0      1.3    0.8   0.0
a8w8 dw    3    64   64    0.00G   0.397    35.6    0.01      0.2      6.0    2.8   0.1
a8w8 dw    3    64  128    0.01G   0.464    37.7    0.02      0.5      5.7    9.4   0.4
a8w8 dw    3   256   16    0.00G   0.412    37.2    0.00      0.0      3.0    1.3   0.1
a8w8 dw    3   256   64    0.01G   0.450    37.3    0.02      0.6      5.2   10.8   0.4
a8w8 dw    3   256  128    0.04G   0.745    36.7    0.05      1.4      5.5   25.2   1.4
a8w8 dw    3   512   16    0.00G   0.406    37.1    0.00      0.1      2.7    2.9   0.1
a8w8 dw    3   512   64    0.02G   0.610    38.8    0.03      0.8      5.5   14.5   0.8
a8w8 dw    3   512  128    0.08G   1.111    37.2    0.07      1.8      5.5   33.2   1.9
a8w8 dw    3  1024   16    0.00G   0.409    36.5    0.01      0.2      3.3    4.8   0.2
a8w8 dw    3  1024   64    0.04G   0.874    34.1    0.04      1.3      4.0   31.9   1.4
a8w8 dw    3  1024  128    0.15G   2.849    25.0    0.05      2.1      4.2   50.2   2.3

best TMAC/s (host latency) per mode/op:
  a8w8  conv1: 5.55 TMAC/s = 11.1 TOPS  (C=1024, HW=128, MAC/nom=173, cmp%=27.9)
  a8w8  conv3: 15.18 TMAC/s = 30.4 TOPS  (C=1024, HW=128, MAC/nom=403, cmp%=5.0)
  a8w8  dw3: 0.07 TMAC/s = 0.1 TOPS  (C=512, HW=128, MAC/nom=2, cmp%=33.2)
  fp16  conv1: 5.46 TMAC/s = 10.9 TOPS  (C=1024, HW=128, MAC/nom=198, cmp%=4.1)
  fp16  conv3: 7.17 TMAC/s = 14.3 TOPS  (C=512, HW=128, MAC/nom=203, cmp%=9.1)
  fp16  dw3: 0.10 TMAC/s = 0.2 TOPS  (C=1024, HW=128, MAC/nom=4, cmp%=61.6)
  w8    conv1: 5.33 TMAC/s = 10.7 TOPS  (C=1024, HW=128, MAC/nom=191, cmp%=8.1)
  w8    conv3: 8.49 TMAC/s = 17.0 TOPS  (C=1024, HW=128, MAC/nom=226, cmp%=7.7)
  w8    dw3: 0.11 TMAC/s = 0.2 TOPS  (C=1024, HW=128, MAC/nom=4, cmp%=62.1)

nominal ticks per ms (lat>2ms, n=17): median 33.7M, range 22.4-37.7M
INT8_CYCLES/FP16_CYCLES nonzero rows: 0
